0.85065816
0.450277660393
0.877339368442
0.381431578163
0.836273280077
0.485301476635
0.885336492525
0.359813470958
0.816446592419
0.531170641271
0.882658470751
0.367103282589
0.823502537536
0.515166054047
0.885287003338
0.359948645964
0.816580858735
0.530869386838
0.882724715165
0.366923572685
0.823333121845
0.515554464952
0.885244710795
0.360064150262
0.816695483948
0.530612100188
0.882780781923
0.366771448736
0.823189532999
0.51588350464
0.885208046225
0.36016427386
0.816794769
0.530389170639
0.882828982291
0.366640650573
0.823065942265
0.516166600799
0.885175886874
0.360252086759
0.816881787963
0.530193725276
0.882870950383
0.366526751112
0.822958220271
0.516413259806
0.885147403592
0.360329855827
0.81695880826
0.530020692222
0.882907879881
0.366426515838
0.822863345294
0.516630433918
0.885121968081
0.36039929858
0.817027546177
0.529866230773
0.882940666447
0.366337517344
0.822779046493
0.516823345039
0.885099093861
0.360461744706
0.817089329289
0.52972736893
0.882969997413
0.36625789255
0.822703578812
0.516996004109
0.885078397287
0.360518242713
0.817145203616
0.529601764191
0.882996410421
0.366186183922
0.822635575539
0.517151551117
0.885059570981
0.360569632577
0.817196006539
0.529487540694
0.883020333009
0.366121232262
0.822573948624
0.517292484874
0.885042365259
0.360616596562
0.81724241776
0.529383175352
0.883042110079
0.36606210232
0.82251781942
0.517420822561
0.885026574827
0.36065969559
0.817284995756
0.529287416389
0.883062023402
0.366008029954
0.822466469434
0.517538213154
0.885012029061
0.360699395809
0.81732420438
0.529199223858
0.883080305764
0.365958383802
0.822419304564
0.517646019735
0.884998584792
0.360736088345
0.81736043263
0.529117725441
0.883097151415
0.365912636972
0.822375828663
0.517745380326
0.884986120841
0.360770104222
0.817394009565
0.529042183068
0.883112723909
0.365870345798
0.822335623678
0.517837253585
0.88497453384
0.36080172579
0.817425215731
0.528971967355
0.883127162077
0.365831133647
0.822298334503
0.517922453622
0.884963734989
0.360831195598
0.817454292022
0.528906537773
0.883140584635
0.365794678432
0.822263657286
0.518001676891
0.884953647505
0.360858723354
0.817481446632
0.528845427083
0.883153093784
0.365760702855
0.822231330288
0.518075523194
0.884944204604
0.360884491452
0.817506860569
0.528788228996
0.883164778052
0.365728966701
0.822201126659
0.518144512275
0.884935347881
0.360908659394
0.817530692066
0.528734588281
0.883175714557
0.365699260703
0.822172848682
0.518209097052
0.884927026
0.360931367371
0.81755308015
0.528684192779
0.88318597083
0.365671401597
0.822146323129
0.518269674272
0.884919193627
0.360952739176
0.817574147544
0.528636766901
0.883195606294
0.365645228111
0.822121397497
0.518326593156
0.884911810556
0.360972884591
0.817594003053
0.528592066278
0.883204673476
0.365620597694
0.82209793693
0.518380162471
0.884904840987
0.360991901374
0.817612743533
0.528549873354
0.883213218994
0.365597383805
0.822075821675
0.518430656358
0.884898252919
0.3610098769
0.817630455526
0.528509993708
0.883221284394
0.365575473684
0.822054944982
0.518478319161
0.884892017647
0.361026889537
0.817647216638
0.528472252981
0.883228906828
0.365554766482
0.822035211341
0.518523369463
0.884886109339
0.361043009814
0.817663096689
0.528436494288
0.883236119638
0.36553517169
0.822016535011
0.518566003469
0.884880504677
0.361058301394
0.817678158691
0.528402576027
0.883242952841
0.36551660782
0.82199883877
0.518606397861
0.884875182546
0.361072821917
0.817692459678
0.528370370015
0.883249433546
0.365499001285
0.821982052864
0.518644712225
0.88487012378
0.361086623711
0.817706051416
0.528339759895
0.883255586299
0.36548228544
0.821966114099
0.518681091111
0.884865310929
0.361099754406
0.817718981016
0.52831063977
0.883261433393
0.365466399765
0.821950965076
0.518715665809
0.884860728073
0.361112257462
0.817731291453
0.528282913026
0.88326699512
0.365451289164
0.821936553525
0.518748555862
0.884856360652
0.361124172627
0.817743022025
0.52825649131
0.883272289999
0.365436903353
0.82192283173
0.518779870384
0.884852195316
0.361135536336
0.817754208746
0.528231293644
0.88327733497
0.365423196341
0.821909756037
0.518809709194
0.884848219807
0.361146382055
0.817764884692
0.528207245654
0.883282145561
0.365410125966
0.821897286418
0.51883816381
0.884844422838
0.361156740587
0.817775080297
0.528184278896
0.883286736033
0.365397653498
0.821885386096
0.518865318312
0.884840794004
0.361166640334
0.817784823623
0.528162330258
0.883291119514
0.365385743292
0.821874021213
0.518891250094
0.88483732369
0.361176107537
0.81779414059
0.528141341445
0.88329530811
0.365374362476
0.821863160543
0.518916030537
0.884834003
0.361185166478
0.817803055179
0.528121258512
0.883299313002
0.365363480685
0.821852775232
0.518939725586
0.884830823687
0.361193839668
0.817811589618
0.52810203146
0.883303144537
0.36535306982
0.821842838574
0.518962396274
0.884827778092
0.361202148003
0.817819764539
0.528083613873
0.883306812305
0.365343103836
0.821833325814
0.518984099177
0.884824859098
0.361210110915
0.817827599125
0.528065962597
0.88331032521
0.365333558553
0.821824213963
0.519004886822
0.884822060072
0.361217746498
0.817835111234
0.528049037449
0.883313691529
0.365324411493
0.821815481646
0.519024808051
0.884819374834
0.361225071624
0.817842317518
0.528032800965
0.883316918969
0.365315641727
0.821807108958
0.519043908343
0.884816797611
0.361232102045
0.817849233522
0.528017218166
0.883320014713
0.365307229738
0.821799077337
0.519062230105
0.884814323005
0.361238852491
0.817855873776
0.528002256351
0.88332298547
0.365299157311
0.821791369452
0.519079812931
0.884811945965
0.361245336748
0.817862251882
0.527987884915
0.883325837509
0.365291407416
0.821783969098
0.519096693835
0.884809661757
0.361251567734
0.817868380584
0.527974075177
0.8833285767
0.365283964113
0.821776861108
0.519112907464
0.884807465938
0.361257557573
0.817874271837
0.527960800229
0.883331208539
0.36527681247
0.821770031269
0.519128486283
0.884805354336
0.361263317648
0.817879936868
0.5279480348
0.883333738184
0.365269938476
0.821763466244
0.51914346075
0.884803323028
0.361268858666
0.817885386234
0.527935755131
0.88333617048
0.365263328976
0.821757153508
0.519157859469
0.884801368322
0.361274190701
0.817890629869
0.527923938861
0.883338509979
0.365256971603
0.821751081287
0.519171709335
0.884799486739
0.361279323245
0.81789567713
0.527912564925
0.883340760965
0.365250854717
0.821745238496
0.519185035656
0.884797674999
0.36128426525
0.817900536841
0.527901613462
0.883342927474
0.365244967357
0.821739614695
0.519197862271
0.884795930006
0.361289025162
0.817905217328
0.527891065724
0.883345013311
0.365239299187
0.82173420004
0.519210211661
0.884794248835
0.361293610963
0.817909726457
0.527880904003
0.883347022066
0.365233840454
0.821728985239
0.519222105041
0.884792628721
0.361298030199
0.817914071665
0.527871111558
0.883348957131
0.365228581946
0.821723961516
0.519233562447
0.884791067047
0.361302290008
0.817918259986
0.527861672549
0.883350821711
0.365223514955
0.821719120573
0.519244602825
0.884789561334
0.361306397154
0.817922298083
0.527852571974
0.883352618839
0.365218631242
0.82171445456
0.519255244095
0.884788109235
0.361310358042
0.817926192269
0.52784379562
0.883354351385
0.365213923007
0.821709956043
0.51926550323
0.884786708521
0.361314178751
0.81792994853
0.527835330005
0.883356022071
0.36520938286
0.821705617977
0.51927539631
0.88478535708
0.361317865048
0.817933572549
0.527827162335
0.883357633475
0.365205003793
0.821701433683
0.519284938583
0.884784052903
0.36132142241
0.81793706972
0.527819280461
0.883359188047
0.365200779154
0.821697396821
0.519294144521
0.884782794083
0.361324856044
0.817940445171
0.527811672836
0.88336068811
0.36519670263
0.82169350137
0.519303027865
0.884781578804
0.361328170899
0.817943703777
0.527804328481
0.883362135872
0.365192768221
0.821689741609
0.519311601674
0.884780405341
0.361331371687
0.817946850177
0.527797236947
0.883363533434
0.365188970222
0.821686112099
0.519319878361
0.884779272049
0.361334462893
0.817949888788
0.527790388289
0.883364882793
0.365185303206
0.821682607664
0.519327869741
0.884778177363
0.361337448789
0.817952823817
0.527783773029
0.88336618585
0.365181762005
0.821679223376
0.51933558706
0.884777119788
0.361340333449
0.817955659274
0.527777382136
0.883367444418
0.365178341699
0.821675954542
0.519343041029
0.884776097902
0.361343120757
0.817958398984
0.527771206996
0.883368660223
0.365175037597
0.821672796686
0.519350241859
0.884775110346
0.36134581442
0.817961046596
0.527765239388
0.88336983491
0.365171845227
0.821669745543
0.519357199286
0.884774155821
0.361348417978
0.817963605594
0.527759471465
0.88337097005
0.36516876032
0.821666797041
0.519363922601
0.88477323309
0.361350934811
0.817966079306
0.527753895731
0.883372067143
0.365165778804
0.821663947295
0.519370420671
0.884772340968
0.36135336815
0.817968470912
0.527748505023
0.883373127621
0.365162896789
0.821661192591
0.519376701967
0.884771478322
0.361355721084
0.817970783451
0.527743292492
0.88337415285
0.365160110556
0.821658529383
0.519382774583
0.884770644069
0.361357996568
0.817973019833
0.527738251586
0.883375144141
0.365157416553
0.821655954279
0.519388646255
0.884769837174
0.361360197429
0.81797518284
0.527733376038
0.883376102743
0.36515481138
0.821653464037
0.519394324386
0.884769056642
0.361362326375
0.817977275136
0.527728659845
0.883377029852
0.365152291786
0.821651055552
0.519399816055
0.884768301525
0.361364385999
0.817979299272
0.527724097259
0.883377926616
0.365149854658
0.821648725853
0.519405128042
0.884767570912
0.361366378784
0.817981257693
0.527719682774
0.883378794131
0.365147497014
0.821646472096
0.519410266837
0.884766863928
0.361368307113
0.817983152742
0.52771541111
0.883379633447
0.365145215999
0.821644291553
0.519415238662
0.884766179738
0.361370173268
0.817984986666
0.527711277205
0.883380445573
0.365143008876
0.821642181612
0.519420049475
0.884765517539
0.361371979441
0.817986761619
0.527707276205
0.883381231473
0.365140873021
0.821640139768
0.519424704993
0.884764876559
0.361373727732
0.81798847967
0.527703403451
0.883381992075
0.365138805917
0.821638163619
0.519429210696
0.88476425606
0.36137542016
0.817990142802
0.52769965447
0.883382728266
0.365136805149
0.821636250857
0.519433571844
0.884763655331
0.361377058661
0.817991752922
0.52769602497
0.8833834409
0.3651348684
0.821634399272
0.519437793486
0.88476307369
0.361378645097
0.817993311861
0.527692510825
0.883384130796
0.365132993444
0.821632606737
0.519441880467
0.884762510482
0.361380181255
0.817994821376
0.527689108072
0.88338479874
0.365131178145
0.821630871213
0.519445837442
0.884761965076
0.361381668854
0.817996283158
0.527685812904
0.883385445487
0.36512942045
0.821629190739
0.519449668884
0.884761436867
0.361383109547
0.817997698833
0.527682621658
0.883386071764
0.365127718385
0.821627563431
0.519453379091
0.884760925273
0.361384504921
0.817999069962
0.527679530813
0.883386678268
0.365126070053
0.821625987476
0.519456972194
0.884760429733
0.361385856505
0.81800039805
0.527676536982
0.883387265671
0.365124473632
0.821624461134
0.519460452167
0.884759949708
0.361387165771
0.818001684542
0.527673636906
0.883387834619
0.365122927367
0.821622982728
0.519463822831
0.88475948468
0.361388434133
0.81800293083
0.527670827448
0.883388385732
0.365121429569
0.821621550648
0.519467087862
0.884759034147
0.361389662954
0.818004138254
0.527668105587
0.883388919608
0.365119978616
0.821620163341
0.5194702508
0.884758597631
0.361390853546
0.818005308106
0.527665468417
0.883389436822
0.365118572942
0.821618819313
0.519473315051
0.884758174666
0.361392007174
0.818006441627
0.527662913137
0.883389937929
0.365117211044
0.821617517128
0.519476283894
0.884757764808
0.361393125055
0.818007540015
0.527660437047
0.883390423462
0.365115891471
0.821616255399
0.519479160488
0.884757367625
0.361394208362
0.818008604424
0.527658037548
0.883390893935
0.365114612826
0.821615032793
0.519481947877
0.884756982703
0.361395258227
0.818009635966
0.527655712135
0.883391349843
0.365113373764
0.821613848024
0.519484648992
0.884756609642
0.361396275739
0.818010635712
0.527653458391
0.883391791663
0.365112172988
0.821612699853
0.519487266659
0.884756248058
0.361397261949
0.818011604697
0.527651273986
0.883392219856
0.365111009248
0.821611587085
0.519489803603
0.884755897577
0.361398217873
0.818012543917
0.527649156675
0.883392634864
0.365109881338
0.821610508569
0.519492262449
0.884755557842
0.361399144487
0.818013454333
0.52764710429
0.883393037117
0.365108788097
0.821609463195
0.51949464573
0.884755228507
0.361400042735
0.818014336874
0.527645114741
0.883393427025
0.365107728402
0.82160844989
0.519496955889
0.884754909238
0.361400913529
0.818015192435
0.52764318601
0.883393804987
0.365106701172
0.821607467622
0.519499195284
0.884754599713
0.361401757746
0.818016021878
0.527641316149
0.883394171388
0.365105705364
0.821606515393
0.519501366189
0.88475429962
0.361402576235
0.818016826039
0.52763950328
0.883394526598
0.365104739971
0.821605592241
0.519503470797
0.88475400866
0.361403369815
0.818017605723
0.527637745587
0.883394870974
0.36510380402
0.821604697237
0.519505511228
0.884753726542
0.361404139277
0.818018361707
0.527636041319
0.883395204862
0.365102896573
0.821603829483
0.519507489528
0.884753452987
0.361404885385
0.818019094742
0.527634388782
0.883395528596
0.365102016723
0.821602988114
0.51950940767
0.884753187723
0.361405608877
0.818019805553
0.527632786342
0.883395842497
0.365101163595
0.821602172294
0.519511267563
0.884752930491
0.361406310465
0.818020494841
0.52763123242
0.883396146877
0.365100336345
0.821601381214
0.519513071048
0.884752681036
0.361406990839
0.818021163283
0.527629725489
0.883396442035
0.365099534155
0.821600614094
0.519514819905
0.884752439115
0.361407650664
0.818021811534
0.527628264076
0.883396728263
0.365098756237
0.821599870181
0.519516515854
0.884752204492
0.361408290583
0.818022440225
0.527626846755
0.883397005841
0.365098001828
0.821599148744
0.519518160556
0.88475197694
0.361408911218
0.818023049967
0.527625472148
0.88339727504
0.365097270191
0.821598449081
0.519519755617
0.884751756237
0.36140951317
0.818023641352
0.527624138924
0.883397536121
0.365096560614
0.821597770511
0.519521302588
0.884751542171
0.361410097021
0.818024214951
0.527622845794
0.883397789339
0.36509587241
0.821597112375
0.519522802971
0.884751334536
0.361410663333
0.818024771316
0.527621591515
0.883398034938
0.365095204911
0.821596474037
0.519524258215
0.884751133132
0.361411212649
0.818025310982
0.527620374881
0.883398273155
0.365094557475
0.821595854883
0.519525669724
0.884750937766
0.361411745494
0.818025834465
0.527619194728
0.883398504219
0.36509392948
0.821595254317
0.519527038854
0.884750748253
0.361412262378
0.818026342265
0.527618049929
0.883398728352
0.365093320323
0.821594671764
0.519528366917
0.884750564411
0.361412763793
0.818026834865
0.527616939395
0.883398945767
0.365092729422
0.821594106667
0.519529655182
0.884750386067
0.361413250214
