0.8976
0.3437592576
0.843702225749
0.493189237256
0.934826514531
0.227862874457
0.65802077953
0.841610080305
0.498551548347
0.934992153434
0.227324030925
0.656922831425
0.842903341417
0.495240696186
0.934915285362
0.22757411765
0.65743267846
0.842303919556
0.496776819695
0.934961145547
0.227424918974
0.657128566262
0.842661695105
0.495860280528
0.934935906583
0.227507031797
0.657295957727
0.842464851494
0.496364667338
0.934950573493
0.227459314832
0.65719869023
0.842579258494
0.49607154917
0.934942281605
0.227486291654
0.657253682576
0.842514584643
0.496237259807
0.934947048281
0.227470783818
0.657222070464
0.84255176489
0.496141998506
0.934944333184
0.227479617098
0.657240076977
0.842530587639
0.496196259028
0.934945888014
0.227474558628
0.657229765431
0.842542715226
0.496165186038
0.934945000315
0.227477446662
0.657235652628
0.84253579129
0.496182926504
0.934945508013
0.227475794923
0.6572322856
0.842539751285
0.496172780272
0.934945217935
0.227476738658
0.657234209382
0.842537488716
0.496178577403
0.934945383768
0.22747619914
0.657233109589
0.842538782191
0.49617526328
0.934945288995
0.227476507473
0.657233738119
0.842538042974
0.496177157293
0.934945343167
0.227476331229
0.657233378849
0.842538465513
0.496176074668
0.934945312206
0.22747643196
0.657233584187
0.842538224014
0.496176693435
0.934945329903
0.227476374385
0.657233466821
0.842538362049
0.496176339762
0.934945319788
0.227476407292
0.657233533902
0.842538283154
0.496176541907
0.934945325569
0.227476388483
0.65723349556
0.842538328248
0.496176426367
0.934945322265
0.227476399234
0.657233517475
0.842538302474
0.496176492405
0.934945324153
0.227476393089
0.65723350495
0.842538317206
0.49617645466
0.934945323074
0.227476396601
0.657233512109
0.842538308786
0.496176476234
0.934945323691
0.227476394594
0.657233508017
0.842538313598
0.496176463903
0.934945323338
0.227476395741
0.657233510356
0.842538310847
0.496176470951
0.93494532354
0.227476395085
0.657233509019
0.84253831242
0.496176466922
0.934945323425
0.22747639546
0.657233509783
0.842538311521
0.496176469225
0.93494532349
0.227476395246
0.657233509346
0.842538312035
0.496176467909
0.934945323453
0.227476395369
0.657233509596
0.842538311741
0.496176468661
0.934945323474
0.227476395299
0.657233509453
0.842538311909
0.496176468231
0.934945323462
0.227476395339
0.657233509535
0.842538311813
0.496176468477
0.934945323469
0.227476395316
0.657233509488
0.842538311868
0.496176468336
0.934945323465
0.227476395329
0.657233509515
0.842538311836
0.496176468417
0.934945323467
0.227476395321
0.657233509499
0.842538311854
0.496176468371
0.934945323466
0.227476395326
0.657233509508
0.842538311844
0.496176468397
0.934945323467
0.227476395323
0.657233509503
0.84253831185
0.496176468382
0.934945323466
0.227476395324
0.657233509506
0.842538311847
0.496176468391
0.934945323467
0.227476395324
0.657233509504
0.842538311849
0.496176468386
0.934945323466
0.227476395324
0.657233509505
0.842538311847
0.496176468388
0.934945323466
0.227476395324
0.657233509505
0.842538311848
0.496176468387
0.934945323466
0.227476395324
0.657233509505
0.842538311848
0.496176468388
0.934945323466
0.227476395324
0.657233509505
0.842538311848
0.496176468387
0.934945323466
0.227476395324
0.657233509505
0.842538311848
0.496176468388
0.934945323466
0.227476395324
0.657233509505
0.842538311848
0.496176468387
0.934945323466
0.227476395324
0.657233509505
0.842538311848
0.496176468387
0.934945323466
0.227476395324
0.657233509505
0.842538311848
0.496176468387
0.934945323466
0.227476395324
0.657233509505
0.842538311848
0.496176468387
0.934945323466
0.227476395324
0.657233509505
0.842538311848
0.496176468387
0.934945323466
0.227476395324
0.657233509505
0.842538311848
0.496176468387
0.934945323466
0.227476395324
0.657233509505
0.842538311848
0.496176468387
0.934945323466
0.227476395324
0.657233509505
0.842538311848
0.496176468387
0.934945323466
0.227476395324
0.657233509505
0.842538311848
0.496176468387
0.934945323466
0.227476395324
0.657233509505
0.842538311848
0.496176468387
0.934945323466
0.227476395324
0.657233509505
0.842538311848
0.496176468387
0.934945323466
0.227476395324
0.657233509505
0.842538311848
0.496176468387
0.934945323466
0.227476395324
0.657233509505
0.842538311848
0.496176468387
0.934945323466
0.227476395324
0.657233509505
0.842538311848
0.496176468387
0.934945323466
0.227476395324
0.657233509505
0.842538311848
0.496176468387
0.934945323466
0.227476395324
0.657233509505
0.842538311848
0.496176468387
0.934945323466
0.227476395324
0.657233509505
0.842538311848
0.496176468387
0.934945323466
0.227476395324
0.657233509505
0.842538311848
0.496176468387
0.934945323466
0.227476395324
0.657233509505
0.842538311848
0.496176468387
0.934945323466
0.227476395324
0.657233509505
0.842538311848
0.496176468387
0.934945323466
0.227476395324
0.657233509505
0.842538311848
0.496176468387
0.934945323466
0.227476395324
0.657233509505
0.842538311848
0.496176468387
0.934945323466
0.227476395324
0.657233509505
0.842538311848
0.496176468387
0.934945323466
0.227476395324
0.657233509505
0.842538311848
0.496176468387
0.934945323466
0.227476395324
0.657233509505
0.842538311848
0.496176468387
0.934945323466
0.227476395324
0.657233509505
0.842538311848
0.496176468387
0.934945323466
0.227476395324
0.657233509505
0.842538311848
0.496176468387
0.934945323466
0.227476395324
0.657233509505
0.842538311848
0.496176468387
0.934945323466
0.227476395324
0.657233509505
0.842538311848
0.496176468387
0.934945323466
0.227476395324
0.657233509505
0.842538311848
0.496176468387
0.934945323466
0.227476395324
0.657233509505
0.842538311848
0.496176468387
0.934945323466
0.227476395324
0.657233509505
0.842538311848
0.496176468387
0.934945323466
0.227476395324
0.657233509505
0.842538311848
0.496176468387
0.934945323466
0.227476395324
0.657233509505
0.842538311848
0.496176468387
0.934945323466
0.227476395324
0.657233509505
0.842538311848
0.496176468387
0.934945323466
0.227476395324
0.657233509505
0.842538311848
0.496176468387
0.934945323466
0.227476395324
0.657233509505
0.842538311848
0.496176468387
0.934945323466
0.227476395324
0.657233509505
0.842538311848
0.496176468387
0.934945323466
0.227476395324
0.657233509505
0.842538311848
0.496176468387
0.934945323466
0.227476395324
0.657233509505
0.842538311848
0.496176468387
0.934945323466
0.227476395324
0.657233509505
0.842538311848
0.496176468387
0.934945323466
0.227476395324
0.657233509505
0.842538311848
0.496176468387
0.934945323466
0.227476395324
0.657233509505
0.842538311848
0.496176468387
0.934945323466
0.227476395324
0.657233509505
0.842538311848
0.496176468387
0.934945323466
0.227476395324
0.657233509505
0.842538311848
0.496176468387
0.934945323466
0.227476395324
0.657233509505
0.842538311848
0.496176468387
0.934945323466
0.227476395324
0.657233509505
0.842538311848
0.496176468387
0.934945323466
0.227476395324
0.657233509505
0.842538311848
0.496176468387
0.934945323466
0.227476395324
0.657233509505
0.842538311848
0.496176468387
0.934945323466
0.227476395324
0.657233509505
0.842538311848
0.496176468387
0.934945323466
0.227476395324
0.657233509505
0.842538311848
0.496176468387
0.934945323466
0.227476395324
0.657233509505
0.842538311848
0.496176468387
0.934945323466
0.227476395324
0.657233509505
0.842538311848
0.496176468387
0.934945323466
0.227476395324
0.657233509505
0.842538311848
0.496176468387
0.934945323466
0.227476395324
0.657233509505
0.842538311848
0.496176468387
0.934945323466
0.227476395324
0.657233509505
0.842538311848
0.496176468387
0.934945323466
0.227476395324
0.657233509505
0.842538311848
0.496176468387
0.934945323466
0.227476395324
0.657233509505
0.842538311848
0.496176468387
0.934945323466
0.227476395324
0.657233509505
0.842538311848
0.496176468387
0.934945323466
0.227476395324
0.657233509505
0.842538311848
0.496176468387
0.934945323466
0.227476395324
0.657233509505
0.842538311848
0.496176468387
0.934945323466
0.227476395324
0.657233509505
0.842538311848
0.496176468387
0.934945323466
0.227476395324
0.657233509505
0.842538311848
0.496176468387
0.934945323466
0.227476395324
0.657233509505
0.842538311848
0.496176468387
0.934945323466
0.227476395324
0.657233509505
0.842538311848
0.496176468387
0.934945323466
0.227476395324
0.657233509505
0.842538311848
0.496176468387
0.934945323466
0.227476395324
0.657233509505
0.842538311848
0.496176468387
0.934945323466
0.227476395324
0.657233509505
0.842538311848
0.496176468387
0.934945323466
0.227476395324
0.657233509505
0.842538311848
0.496176468387
0.934945323466
0.227476395324
0.657233509505
0.842538311848
0.496176468387
0.934945323466
0.227476395324
0.657233509505
0.842538311848
0.496176468387
0.934945323466
0.227476395324
0.657233509505
0.842538311848
0.496176468387
0.934945323466
0.227476395324
0.657233509505
0.842538311848
0.496176468387
0.934945323466
0.227476395324
0.657233509505
0.842538311848
0.496176468387
0.934945323466
0.227476395324
0.657233509505
0.842538311848
0.496176468387
0.934945323466
0.227476395324
0.657233509505
0.842538311848
0.496176468387
0.934945323466
0.227476395324
0.657233509505
0.842538311848
0.496176468387
0.934945323466
0.227476395324
0.657233509505
0.842538311848
0.496176468387
0.934945323466
0.227476395324
0.657233509505
0.842538311848
0.496176468387
0.934945323466
0.227476395324
0.657233509505
0.842538311848
0.496176468387
0.934945323466
0.227476395324
0.657233509505
0.842538311848
0.496176468387
0.934945323466
0.227476395324
0.657233509505
0.842538311848
0.496176468387
0.934945323466
0.227476395324
0.657233509505
0.842538311848
0.496176468387
0.934945323466
0.227476395324
0.657233509505
0.842538311848
0.496176468387
0.934945323466
0.227476395324
0.657233509505
0.842538311848
0.496176468387
0.934945323466
0.227476395324
0.657233509505
0.842538311848
0.496176468387
0.934945323466
0.227476395324
0.657233509505
0.842538311848
0.496176468387
0.934945323466
0.227476395324
0.657233509505
0.842538311848
0.496176468387
0.934945323466
0.227476395324
0.657233509505
0.842538311848
0.496176468387
0.934945323466
0.227476395324
0.657233509505
0.842538311848
0.496176468387
0.934945323466
0.227476395324
0.657233509505
0.842538311848
0.496176468387
0.934945323466
0.227476395324
0.657233509505
0.842538311848
0.496176468387
0.934945323466
0.227476395324
0.657233509505
0.842538311848
0.496176468387
0.934945323466
0.227476395324
0.657233509505
0.842538311848
0.496176468387
0.934945323466
0.227476395324
0.657233509505
0.842538311848
0.496176468387
0.934945323466
0.227476395324
0.657233509505
0.842538311848
0.496176468387
0.934945323466
0.227476395324
0.657233509505
0.842538311848
0.496176468387
0.934945323466
0.227476395324
0.657233509505
0.842538311848
0.496176468387
0.934945323466
0.227476395324
0.657233509505
0.842538311848
0.496176468387
0.934945323466
0.227476395324
0.657233509505
0.842538311848
0.496176468387
0.934945323466
0.227476395324
0.657233509505
0.842538311848
0.496176468387
0.934945323466
0.227476395324
0.657233509505
0.842538311848
0.496176468387
0.934945323466
0.227476395324
0.657233509505
0.842538311848
0.496176468387
0.934945323466
0.227476395324
0.657233509505
0.842538311848
0.496176468387
0.934945323466
0.227476395324
0.657233509505
0.842538311848
0.496176468387
0.934945323466
0.227476395324
0.657233509505
0.842538311848
0.496176468387
0.934945323466
0.227476395324
0.657233509505
0.842538311848
0.496176468387
0.934945323466
0.227476395324
0.657233509505
0.842538311848
0.496176468387
0.934945323466
0.227476395324
0.657233509505
0.842538311848
0.496176468387
0.934945323466
0.227476395324
0.657233509505
0.842538311848
0.496176468387
0.934945323466
0.227476395324
0.657233509505
0.842538311848
0.496176468387
0.934945323466
0.227476395324
0.657233509505
0.842538311848
0.496176468387
0.934945323466
0.227476395324
0.657233509505
0.842538311848
0.496176468387
0.934945323466
0.227476395324
0.657233509505
0.842538311848
0.496176468387
0.934945323466
0.227476395324
0.657233509505
0.842538311848
0.496176468387
0.934945323466
0.227476395324
0.657233509505
0.842538311848
0.496176468387
0.934945323466
0.227476395324
0.657233509505
0.842538311848
0.496176468387
0.934945323466
0.227476395324
0.657233509505
0.842538311848
0.496176468387
0.934945323466
0.227476395324
0.657233509505
0.842538311848
0.496176468387
0.934945323466
0.227476395324
0.657233509505
0.842538311848
0.496176468387
0.934945323466
0.227476395324
0.657233509505
0.842538311848
0.496176468387
0.934945323466
0.227476395324
0.657233509505
0.842538311848
0.496176468387
0.934945323466
0.227476395324
0.657233509505
0.842538311848
0.496176468387
0.934945323466
0.227476395324
0.657233509505
0.842538311848
0.496176468387
0.934945323466
0.227476395324
0.657233509505
0.842538311848
0.496176468387
0.934945323466
0.227476395324
0.657233509505
0.842538311848
0.496176468387
0.934945323466
0.227476395324
0.657233509505
0.842538311848
0.496176468387
0.934945323466
0.227476395324
0.657233509505
0.842538311848
0.496176468387
0.934945323466
0.227476395324
0.657233509505
0.842538311848
0.496176468387
0.934945323466
0.227476395324
0.657233509505
0.842538311848
0.496176468387
0.934945323466
0.227476395324
0.657233509505
0.842538311848
0.496176468387
0.934945323466
0.227476395324
0.657233509505
0.842538311848
0.496176468387
0.934945323466
0.227476395324
0.657233509505
0.842538311848
0.496176468387
0.934945323466
0.227476395324
0.657233509505
0.842538311848
0.496176468387
0.934945323466
0.227476395324
0.657233509505
0.842538311848
0.496176468387
0.934945323466
0.227476395324
0.657233509505
0.842538311848
0.496176468387
0.934945323466
0.227476395324
0.657233509505
0.842538311848
0.496176468387
0.934945323466
0.227476395324
0.657233509505
0.842538311848
0.496176468387
0.934945323466
0.227476395324
0.657233509505
0.842538311848
0.496176468387
0.934945323466
0.227476395324
0.657233509505
0.842538311848
0.496176468387
0.934945323466
0.227476395324
0.657233509505
0.842538311848
0.496176468387
0.934945323466
0.227476395324
0.657233509505
0.842538311848
0.496176468387
0.934945323466
0.227476395324
0.657233509505
0.842538311848
0.496176468387
0.934945323466
0.227476395324
0.657233509505
0.842538311848
0.496176468387
0.934945323466
0.227476395324
0.657233509505
0.842538311848
0.496176468387
0.934945323466
0.227476395324
0.657233509505
0.842538311848
0.496176468387
0.934945323466
0.227476395324
0.657233509505
0.842538311848
0.496176468387
0.934945323466
0.227476395324
0.657233509505
0.842538311848
0.496176468387
0.934945323466
0.227476395324
0.657233509505
0.842538311848
0.496176468387
0.934945323466
0.227476395324
0.657233509505
0.842538311848
0.496176468387
0.934945323466
0.227476395324
0.657233509505
0.842538311848
0.496176468387
0.934945323466
0.227476395324
0.657233509505
0.842538311848
0.496176468387
0.934945323466
0.227476395324
0.657233509505
0.842538311848
0.496176468387
0.934945323466
0.227476395324
0.657233509505
0.842538311848
0.496176468387
0.934945323466
0.227476395324
0.657233509505
0.842538311848
0.496176468387
0.934945323466
0.227476395324
0.657233509505
0.842538311848
0.496176468387
0.934945323466
