372.071615	1.000000	1.000000	1.000000	1.000000	1.000000	1.000000	1.000000	1.000000	1.000000	1.000000
368.314076	0.999351	0.998720	0.998092	0.997464	0.996838	0.996211	0.995585	0.994960	0.994335	0.993711
364.556536	0.999351	0.998720	0.998092	0.997464	0.996838	0.996211	0.995585	0.994959	0.994334	0.993710
360.798996	0.999294	0.998626	0.997965	0.997305	0.996647	0.995988	0.995332	0.994677	0.994023	0.993371
357.041456	0.999224	0.998515	0.997817	0.997119	0.996426	0.995732	0.995041	0.994353	0.993667	0.992984
353.283916	0.999141	0.998385	0.997644	0.996904	0.996170	0.995437	0.994708	0.993983	0.993260	0.992544
349.526376	0.999141	0.998385	0.997644	0.996904	0.996170	0.995437	0.994708	0.993983	0.993260	0.992544
345.768836	0.999039	0.998223	0.997427	0.996636	0.995852	0.995069	0.994294	0.993523	0.992755	0.991997
342.011296	0.998916	0.998029	0.997170	0.996318	0.995476	0.994637	0.993808	0.992984	0.992165	0.991358
338.253756	0.998768	0.997803	0.996874	0.995954	0.995048	0.994146	0.993257	0.992375	0.991498	0.990638
334.496216	0.998768	0.997803	0.996874	0.995954	0.995048	0.994146	0.993257	0.992375	0.991498	0.990638
330.738677	0.998600	0.997550	0.996545	0.995551	0.994576	0.993605	0.992649	0.991702	0.990762	0.989843
326.981137	0.998405	0.997259	0.996168	0.995091	0.994036	0.992986	0.991955	0.990935	0.989925	0.988940
323.223597	0.998182	0.996930	0.995743	0.994575	0.993430	0.992293	0.991178	0.990077	0.988989	0.987931
319.466057	0.998182	0.996930	0.995743	0.994575	0.993430	0.992293	0.991178	0.990077	0.988989	0.987931
315.708517	0.997919	0.996540	0.995241	0.993964	0.992714	0.991476	0.990263	0.989068	0.987891	0.986747
311.950977	0.997611	0.996090	0.994666	0.993268	0.991901	0.990550	0.989230	0.987933	0.986659	0.985423
308.193437	0.997611	0.996090	0.994666	0.993268	0.991901	0.990550	0.989230	0.987933	0.986659	0.985423
304.435897	0.997249	0.995568	0.993998	0.992461	0.990962	0.989482	0.988041	0.986627	0.985241	0.983901
300.678357	0.996823	0.994955	0.993220	0.991526	0.989877	0.988254	0.986676	0.985133	0.983623	0.982166
296.920818	0.996331	0.994254	0.992335	0.990464	0.988646	0.986862	0.985131	0.983442	0.981792	0.980205
293.163278	0.996331	0.994254	0.992335	0.990464	0.988646	0.986862	0.985131	0.983442	0.981792	0.980205
289.405738	0.995771	0.993458	0.991332	0.989265	0.987264	0.985304	0.983407	0.981559	0.979761	0.978032
285.648198	0.995109	0.992525	0.990168	0.987883	0.985679	0.983525	0.981443	0.979417	0.977452	0.975565
281.890658	0.994342	0.991463	0.988850	0.986327	0.983900	0.981534	0.979250	0.977034	0.974889	0.972834
278.133118	0.994342	0.991463	0.988850	0.986327	0.983900	0.981534	0.979250	0.977034	0.974889	0.972834
274.375578	0.993450	0.990243	0.987351	0.984566	0.981892	0.979294	0.976788	0.974366	0.972024	0.969783
270.618038	0.992425	0.988852	0.985650	0.982573	0.979628	0.976774	0.974029	0.971378	0.968820	0.966376
266.860498	0.991247	0.987263	0.983713	0.980308	0.977059	0.973918	0.970903	0.967996	0.965196	0.962526
263.102958	0.991247	0.987263	0.983713	0.980308	0.977059	0.973918	0.970903	0.967996	0.965196	0.962526
259.345419	0.989906	0.985468	0.981535	0.977776	0.974200	0.970753	0.967450	0.964273	0.961219	0.958308
255.587879	0.988365	0.983416	0.979063	0.974916	0.970982	0.967203	0.963589	0.960120	0.956791	0.953620
251.830339	0.986606	0.981112	0.976311	0.971756	0.967448	0.963320	0.959377	0.955603	0.951984	0.948544
248.072799	0.986606	0.981112	0.976311	0.971756	0.967448	0.963320	0.959377	0.955603	0.951984	0.948544
244.315259	0.984622	0.978556	0.973294	0.968314	0.963615	0.959122	0.954839	0.950746	0.946828	0.943111
240.557719	0.982388	0.975703	0.969940	0.964506	0.959395	0.954515	0.949869	0.945437	0.941203	0.937196
236.800179	0.979879	0.972518	0.966216	0.960287	0.954727	0.949425	0.944391	0.939598	0.935026	0.930703
233.042639	0.979879	0.972518	0.966216	0.960287	0.954727	0.949425	0.944391	0.939598	0.935026	0.930703
229.285099	0.977074	0.969000	0.962118	0.955666	0.949631	0.943888	0.938444	0.933266	0.928338	0.923682
225.527560	0.973920	0.965073	0.957571	0.950558	0.944017	0.937808	0.931926	0.926345	0.921038	0.916033
221.770020	0.970420	0.960743	0.952583	0.944983	0.937917	0.931222	0.924888	0.918888	0.913187	0.907824
218.012480	0.970420	0.960743	0.952583	0.944983	0.937917	0.931222	0.924888	0.918888	0.913187	0.907824
214.254940	0.966545	0.955993	0.947152	0.938941	0.931319	0.924117	0.917311	0.910868	0.904761	0.899028
210.497400	0.962280	0.950809	0.941250	0.932407	0.924218	0.916488	0.909196	0.902302	0.895777	0.889664
206.739860	0.957575	0.945132	0.934820	0.925310	0.916520	0.908234	0.900429	0.893057	0.886093	0.879580
202.982320	0.957575	0.945132	0.934820	0.925310	0.916520	0.908234	0.900429	0.893057	0.886093	0.879580
199.224780	0.952385	0.938911	0.927799	0.917587	0.908171	0.899303	0.890965	0.883101	0.875684	0.868760
195.467240	0.946657	0.932098	0.920154	0.909209	0.899131	0.889668	0.880783	0.872420	0.864538	0.857186
191.709700	0.940370	0.924653	0.911831	0.900114	0.889339	0.879254	0.869794	0.860907	0.852539	0.844744
187.952161	0.940370	0.924653	0.911831	0.900114	0.889339	0.879254	0.869794	0.860907	0.852539	0.844744
184.194621	0.933512	0.916574	0.902839	0.890319	0.878832	0.868102	0.858046	0.848604	0.839728	0.831461
180.437081	0.926005	0.907779	0.893072	0.879703	0.867472	0.856060	0.845381	0.835365	0.825967	0.817216
176.679541	0.917791	0.898175	0.882433	0.868168	0.855147	0.843021	0.831687	0.821078	0.811144	0.801893
172.922001	0.917791	0.898175	0.882433	0.868168	0.855147	0.843021	0.831687	0.821078	0.811144	0.801893
169.164461	0.908794	0.887715	0.870905	0.855721	0.841883	0.829030	0.817026	0.805814	0.795331	0.785570
165.406921	0.898970	0.876370	0.858445	0.842302	0.827625	0.814027	0.801350	0.789525	0.778484	0.768202
161.649381	0.898970	0.876370	0.858445	0.842302	0.827625	0.814027	0.801350	0.789525	0.778484	0.768202
157.891841	0.888279	0.864053	0.844953	0.827813	0.812283	0.797925	0.784560	0.772115	0.760514	0.749715
154.134302	0.876698	0.850772	0.830482	0.812330	0.795942	0.780830	0.766786	0.753730	0.741577	0.730273
150.376762	0.864128	0.836450	0.814936	0.795765	0.778525	0.762652	0.747929	0.734262	0.721558	0.709747
146.619222	0.864128	0.836450	0.814936	0.795765	0.778525	0.762652	0.747929	0.734262	0.721558	0.709747
142.861682	0.850495	0.820985	0.798225	0.778011	0.759900	0.743268	0.727867	0.713594	0.700337	0.688015
139.104142	0.835785	0.804427	0.780403	0.759150	0.740171	0.722788	0.706715	0.691848	0.678064	0.665263
135.346602	0.819996	0.786744	0.761459	0.739178	0.719333	0.701203	0.684475	0.669036	0.654737	0.641469
131.589062	0.819996	0.786744	0.761459	0.739178	0.719333	0.701203	0.684475	0.669036	0.654737	0.641469
127.831522	0.803113	0.767915	0.741369	0.718073	0.697387	0.678543	0.661193	0.645201	0.630408	0.616701
124.073982	0.785125	0.748026	0.720259	0.695992	0.674529	0.655012	0.637077	0.620564	0.605305	0.591185
120.316442	0.765964	0.726949	0.697958	0.672729	0.650496	0.630321	0.611816	0.594806	0.579104	0.564594
116.558903	0.765964	0.726949	0.697958	0.672729	0.650496	0.630321	0.611816	0.594806	0.579104	0.564594
112.801363	0.745613	0.704695	0.674496	0.648323	0.625351	0.604556	0.585519	0.568052	0.551941	0.537072
109.043823	0.724032	0.681225	0.649851	0.622780	0.599094	0.577711	0.558173	0.540274	0.523789	0.508596
105.286283	0.701364	0.656710	0.624221	0.596303	0.571957	0.550036	0.530047	0.511752	0.494929	0.479453
101.528743	0.701364	0.656710	0.624221	0.596303	0.571957	0.550036	0.530047	0.511752	0.494929	0.479453
97.771203	0.677569	0.631084	0.597500	0.568754	0.543794	0.521356	0.500953	0.482300	0.465183	0.449464
94.013663	0.652666	0.604393	0.569718	0.540191	0.514652	0.491742	0.470945	0.451964	0.434580	0.418656
90.256123	0.626564	0.576523	0.540807	0.510541	0.484457	0.461115	0.439969	0.420720	0.403127	0.387051
86.498583	0.626564	0.576523	0.540807	0.510541	0.484456	0.461115	0.439969	0.420720	0.403126	0.387050
82.741044	0.599255	0.547528	0.510854	0.479933	0.453355	0.429651	0.408217	0.388755	0.371018	0.354844
78.983504	0.570795	0.517433	0.479825	0.448259	0.421212	0.397171	0.375510	0.355899	0.338072	0.321867
75.225964	0.541322	0.486302	0.447748	0.415563	0.388095	0.363786	0.341960	0.322271	0.304444	0.288304
71.468424	0.541321	0.486301	0.447747	0.415561	0.388093	0.363783	0.341957	0.322268	0.304441	0.288301
67.710884	0.510662	0.453937	0.414427	0.381649	0.353817	0.329321	0.307440	0.287787	0.270080	0.254125
63.953344	0.478843	0.420456	0.380074	0.346826	0.318765	0.294228	0.272452	0.253001	0.235587	0.220002
60.195804	0.445832	0.385813	0.344645	0.311023	0.282870	0.258443	0.236954	0.217903	0.200992	0.185975
56.438264	0.445830	0.385811	0.344641	0.311018	0.282865	0.258437	0.236947	0.217895	0.200983	0.185966
52.680724	0.411763	0.350228	0.308393	0.274571	0.246535	0.222475	0.201545	0.183178	0.167039	0.152856
48.923184	0.376600	0.313652	0.271318	0.237533	0.209914	0.186531	0.166486	0.149123	0.134077	0.121035
45.165645	0.340463	0.276210	0.233590	0.200218	0.173422	0.151165	0.132438	0.116484	0.102900	0.091334
41.408105	0.340460	0.276205	0.233583	0.200208	0.173410	0.151150	0.132422	0.116466	0.102880	0.091311
37.650565	0.303288	0.237918	0.195365	0.162892	0.137479	0.116879	0.099972	0.085911	0.074204	0.064466
33.893025	0.265123	0.198944	0.157018	0.126132	0.102788	0.084498	0.069999	0.058319	0.048903	0.041313
30.135485	0.225989	0.159447	0.119095	0.090825	0.070493	0.055339	0.043884	0.035081	0.028309	0.023086
26.377945	0.225981	0.159433	0.119074	0.090798	0.070460	0.055300	0.043839	0.035030	0.028252	0.023023
22.620405	0.186079	0.120185	0.082836	0.058554	0.042318	0.031074	0.023164	0.017497	0.013420	0.010476
18.862865	0.145509	0.082163	0.050011	0.031435	0.020378	0.013553	0.009273	0.006532	0.004767	0.003634
15.105325	0.104470	0.047277	0.023388	0.012156	0.006684	0.003933	0.002534	0.001807	0.001440	0.001264
11.347786	0.104456	0.047253	0.023354	0.012112	0.006630	0.003870	0.002462	0.001726	0.001350	0.001164
7.590246	0.062941	0.018869	0.006378	0.002412	0.001117	0.000696	0.000576	0.000562	0.000587	0.000629
3.832706	0.021070	0.002333	0.000425	0.000240	0.000254	0.000293	0.000333	0.000374	0.000414	0.000454
0.075166	0.021070	0.002333	0.000425	0.000240	0.000254	0.000293	0.000333	0.000374	0.000414	0.000454
