567.609945	1.000000	1.000000	1.000000	1.000000	1.000000	1.000000	1.000000	1.000000	1.000000	1.000000
561.877669	0.999870	0.999742	0.999615	0.999489	0.999362	0.999236	0.999110	0.998984	0.998858	0.998732
556.145394	0.999857	0.999721	0.999586	0.999452	0.999318	0.999185	0.999052	0.998919	0.998786	0.998654
550.413118	0.999825	0.999668	0.999512	0.999359	0.999208	0.999057	0.998907	0.998757	0.998608	0.998461
544.680843	0.999804	0.999633	0.999464	0.999299	0.999137	0.998975	0.998814	0.998654	0.998495	0.998339
538.948567	0.999779	0.999592	0.999408	0.999229	0.999054	0.998880	0.998706	0.998535	0.998365	0.998198
533.216292	0.999749	0.999543	0.999342	0.999147	0.998956	0.998768	0.998581	0.998396	0.998214	0.998035
527.484016	0.999714	0.999486	0.999266	0.999051	0.998845	0.998641	0.998438	0.998239	0.998042	0.997850
521.751741	0.999672	0.999420	0.999175	0.998940	0.998714	0.998493	0.998273	0.998056	0.997843	0.997636
516.019465	0.999624	0.999343	0.999072	0.998812	0.998566	0.998324	0.998084	0.997849	0.997620	0.997396
510.287190	0.999568	0.999254	0.998953	0.998667	0.998397	0.998134	0.997873	0.997618	0.997369	0.997127
504.554914	0.999427	0.999037	0.998663	0.998313	0.997991	0.997678	0.997369	0.997067	0.996775	0.996493
498.822639	0.999341	0.998904	0.998487	0.998101	0.997749	0.997406	0.997070	0.996741	0.996425	0.996119
493.090363	0.999242	0.998754	0.998289	0.997863	0.997477	0.997104	0.996737	0.996380	0.996037	0.995706
487.358088	0.999130	0.998584	0.998066	0.997597	0.997175	0.996768	0.996368	0.995980	0.995609	0.995250
481.625812	0.999001	0.998391	0.997814	0.997297	0.996835	0.996391	0.995956	0.995534	0.995130	0.994742
475.893537	0.998853	0.998172	0.997532	0.996962	0.996458	0.995973	0.995500	0.995041	0.994602	0.994182
470.161261	0.998685	0.997925	0.997214	0.996587	0.996037	0.995508	0.994993	0.994495	0.994019	0.993564
464.428986	0.998273	0.997329	0.996456	0.995700	0.995043	0.994415	0.993805	0.993216	0.992655	0.992122
458.696710	0.998023	0.996972	0.996007	0.995177	0.994458	0.993774	0.993110	0.992470	0.991860	0.991282
452.964435	0.997739	0.996570	0.995503	0.994592	0.993806	0.993060	0.992337	0.991639	0.990977	0.990350
447.232159	0.997417	0.996119	0.994942	0.993943	0.993084	0.992271	0.991483	0.990725	0.990005	0.989326
441.499884	0.997052	0.995613	0.994315	0.993219	0.992281	0.991395	0.990537	0.989711	0.988929	0.988193
435.767608	0.996640	0.995045	0.993615	0.992414	0.991387	0.990422	0.989487	0.988589	0.987739	0.986941
430.035333	0.996175	0.994410	0.992836	0.991519	0.990398	0.989346	0.988329	0.987352	0.986430	0.985565
424.303057	0.995650	0.993700	0.991968	0.990525	0.989301	0.988156	0.987050	0.985988	0.984988	0.984051
418.570781	0.994396	0.992022	0.989931	0.988202	0.986746	0.985393	0.984089	0.982838	0.981664	0.980568
412.838506	0.993650	0.991034	0.988739	0.986848	0.985263	0.983795	0.982381	0.981025	0.979754	0.978571
407.106230	0.992815	0.989936	0.987420	0.985356	0.983632	0.982042	0.980511	0.979045	0.977673	0.976396
401.373955	0.991880	0.988716	0.985961	0.983711	0.981841	0.980121	0.978466	0.976882	0.975403	0.974027
395.641679	0.990837	0.987363	0.984351	0.981903	0.979876	0.978018	0.976232	0.974524	0.972931	0.971451
389.909404	0.989675	0.985867	0.982580	0.979922	0.977731	0.975728	0.973805	0.971967	0.970254	0.968666
384.177128	0.988383	0.984217	0.980637	0.977757	0.975392	0.973238	0.971171	0.969197	0.967360	0.965658
378.444853	0.985364	0.980407	0.976191	0.972837	0.970103	0.967627	0.965255	0.962994	0.960893	0.958950
372.712577	0.983613	0.978225	0.973668	0.970063	0.967134	0.964488	0.961955	0.959543	0.957304	0.955235
366.980302	0.981685	0.975845	0.970933	0.967069	0.963938	0.961115	0.958417	0.955849	0.953467	0.951268
361.248026	0.979568	0.973255	0.967976	0.963846	0.960506	0.957501	0.954632	0.951904	0.949375	0.947042
355.515751	0.977253	0.970449	0.964793	0.960390	0.956834	0.953642	0.950597	0.947703	0.945021	0.942549
349.783475	0.974729	0.967417	0.961374	0.956690	0.952911	0.949525	0.946297	0.943232	0.940393	0.937777
344.051200	0.971982	0.964146	0.957708	0.952736	0.948725	0.945138	0.941722	0.938480	0.935477	0.932713
338.318924	0.965789	0.956867	0.949612	0.944034	0.939535	0.935522	0.931708	0.928093	0.924747	0.921670
332.586649	0.962324	0.952837	0.945158	0.939261	0.934503	0.930265	0.926242	0.922431	0.918904	0.915663
326.854373	0.958600	0.948533	0.940417	0.934189	0.929163	0.924694	0.920456	0.916442	0.912730	0.909322
321.122098	0.954605	0.943944	0.935380	0.928808	0.923505	0.918797	0.914337	0.910115	0.906212	0.902631
315.389822	0.950336	0.939064	0.930038	0.923112	0.917524	0.912572	0.907887	0.903453	0.899355	0.895598
309.657547	0.945783	0.933883	0.924383	0.917092	0.911211	0.906010	0.901094	0.896444	0.892150	0.888215
303.925271	0.940934	0.928387	0.918401	0.910738	0.904562	0.899110	0.893963	0.889097	0.884604	0.880492
298.192996	0.935783	0.922576	0.912098	0.904056	0.897583	0.891880	0.886502	0.881420	0.876731	0.872441
292.460720	0.924541	0.909977	0.898494	0.889691	0.882623	0.876421	0.870584	0.865075	0.859999	0.855362
286.728444	0.918436	0.903182	0.891195	0.882013	0.874650	0.868201	0.862138	0.856421	0.851155	0.846350
280.996169	0.912001	0.896051	0.883562	0.874004	0.866351	0.859660	0.853375	0.847453	0.842003	0.837032
275.263893	0.905238	0.888595	0.875608	0.865681	0.857742	0.850813	0.844312	0.838189	0.832559	0.827427
269.531618	0.898145	0.880812	0.867338	0.857048	0.848828	0.841664	0.834948	0.828629	0.822823	0.817533
263.799342	0.890717	0.872701	0.858750	0.848105	0.839609	0.832213	0.825287	0.818775	0.812796	0.807351
258.067067	0.882958	0.864271	0.849857	0.838869	0.830104	0.822481	0.815350	0.808653	0.802507	0.796910
252.334791	0.866441	0.846462	0.831169	0.819525	0.810240	0.802172	0.794639	0.787577	0.781103	0.775210
246.602516	0.857686	0.837085	0.821376	0.809416	0.799875	0.791588	0.783856	0.776616	0.769981	0.763940
240.870240	0.848596	0.827390	0.811277	0.799008	0.789216	0.780710	0.772783	0.765366	0.758570	0.752383
235.137965	0.839183	0.817390	0.800887	0.788316	0.778274	0.769552	0.761429	0.753836	0.746880	0.740546
229.405689	0.829450	0.807084	0.790203	0.777335	0.767043	0.758103	0.749786	0.742017	0.734899	0.728417
223.673414	0.819391	0.796468	0.779219	0.766056	0.755514	0.746358	0.737846	0.729901	0.722622	0.715991
217.941138	0.809015	0.785553	0.767948	0.754494	0.743705	0.734333	0.725628	0.717508	0.710068	0.703289
212.208863	0.798319	0.774332	0.756379	0.742638	0.731603	0.722015	0.713117	0.704823	0.697221	0.690293
206.476587	0.775965	0.750967	0.732343	0.718035	0.706511	0.696493	0.687212	0.678570	0.670649	0.663428
200.744312	0.764301	0.738813	0.719862	0.705272	0.693504	0.683272	0.673801	0.664987	0.656906	0.649541
195.012036	0.752317	0.726343	0.707068	0.692197	0.680185	0.669740	0.660079	0.651094	0.642856	0.635347
189.279761	0.740007	0.713551	0.693957	0.678804	0.666549	0.655889	0.646038	0.636880	0.628484	0.620832
183.547485	0.727362	0.700428	0.680515	0.665079	0.652578	0.641703	0.631661	0.622331	0.613777	0.605982
177.815210	0.714377	0.686968	0.666742	0.651025	0.638281	0.627195	0.616966	0.607466	0.598758	0.590822
172.082934	0.701044	0.673162	0.652619	0.636621	0.623635	0.612337	0.601921	0.592253	0.583391	0.575317
166.350659	0.673305	0.644473	0.623307	0.606754	0.593293	0.581581	0.570797	0.560798	0.551635	0.543289
160.618383	0.658874	0.629564	0.608088	0.591261	0.577566	0.565650	0.554685	0.544523	0.535212	0.526730
154.886108	0.644072	0.614281	0.592497	0.575401	0.561475	0.549357	0.538212	0.527887	0.518429	0.509812
149.153832	0.628897	0.598621	0.576533	0.559169	0.545017	0.532697	0.521371	0.510884	0.501277	0.492524
143.421556	0.613335	0.582576	0.560186	0.542560	0.528182	0.515660	0.504153	0.493504	0.483750	0.474861
137.689281	0.597389	0.566148	0.543457	0.525572	0.510969	0.498244	0.486556	0.475745	0.465843	0.456818
131.957005	0.581050	0.549331	0.526343	0.508200	0.493374	0.480447	0.468577	0.457606	0.447558	0.438397
126.224730	0.547190	0.514504	0.490923	0.472268	0.456996	0.443661	0.431430	0.420138	0.409800	0.400370
120.492454	0.529665	0.496488	0.472603	0.453688	0.438189	0.424647	0.412232	0.400780	0.390298	0.380736
114.760179	0.511751	0.478074	0.453877	0.434698	0.418970	0.405221	0.392627	0.381018	0.370396	0.360706
109.027903	0.493445	0.459248	0.434728	0.415277	0.399317	0.385359	0.372585	0.360821	0.350061	0.340247
103.295628	0.474739	0.440009	0.415154	0.395428	0.379233	0.365070	0.352119	0.340206	0.329316	0.319387
97.563352	0.455633	0.420359	0.395158	0.375153	0.358724	0.344356	0.331235	0.319180	0.308169	0.298137
91.831077	0.436117	0.400283	0.374726	0.354438	0.337775	0.323207	0.309924	0.297739	0.286624	0.276505
86.098801	0.416185	0.379770	0.353849	0.333276	0.316384	0.301629	0.288200	0.275905	0.264707	0.254528
80.366526	0.375034	0.337399	0.310729	0.289600	0.272291	0.257225	0.243586	0.231174	0.219925	0.209745
74.634250	0.353809	0.315535	0.288487	0.267100	0.249619	0.234449	0.220771	0.208376	0.197185	0.187090
68.901975	0.332143	0.293211	0.265795	0.244180	0.226571	0.211353	0.197703	0.185400	0.174345	0.164416
63.169699	0.310024	0.270432	0.242673	0.220878	0.203208	0.188020	0.174489	0.162375	0.151557	0.141895
57.437424	0.287458	0.247217	0.219162	0.197265	0.179629	0.164579	0.151287	0.139490	0.129038	0.119768
51.705148	0.264431	0.223562	0.195282	0.173394	0.155922	0.141156	0.128257	0.116938	0.107007	0.098279
45.972873	0.240955	0.199496	0.171111	0.149400	0.132278	0.117992	0.105692	0.095050	0.085832	0.077826
40.240597	0.192679	0.150285	0.122308	0.101747	0.086152	0.073655	0.063360	0.054817	0.047691	0.041719
34.508322	0.167925	0.125310	0.098059	0.078691	0.064449	0.053399	0.044596	0.037514	0.031775	0.027093
28.776046	0.142800	0.100301	0.074362	0.056796	0.044442	0.035283	0.028316	0.022943	0.018759	0.015473
23.043771	0.117341	0.075551	0.051797	0.036836	0.026989	0.020164	0.015304	0.011779	0.009188	0.007262
17.311495	0.091590	0.051647	0.031392	0.020010	0.013266	0.009057	0.006349	0.004559	0.003355	0.002531
11.579219	0.065603	0.029712	0.014776	0.007848	0.004421	0.002627	0.001648	0.001094	0.000773	0.000582
5.846944	0.039441	0.011882	0.004050	0.001541	0.000670	0.000348	0.000224	0.000178	0.000163	0.000162
0.114668	0.013171	0.001431	0.000210	0.000072	0.000061	0.000068	0.000077	0.000086	0.000096	0.000104
